8765
1463
9561
11239
4147
15636
2838
19887
5242
17556
14782
2870
14404
18711
10029
18768
11319
13474
7002
9653
14220
19068
1190
12790
17169
1444
4205
5610
17694
5086
10858
11682
19962
9130
4017
16005
14675
17018
6902
7004
17007
19852
9034
12382
16230
18402
694
9320
302
9427
7862
4343
12928
4672
5269
7396
15003
16013
17094
5680
1963
9357
4451
19218
18658
15198
13520
4939
13331
19529
5411
18744
7634
19981
9865
7075
4682
7631
804
18005
12718
334
15293
14559
19672
18935
2375
7189
15730
3643
6766
14879
3610
14874
12943
3426
16648
19629
1788
2187
1745
5346
14820
2408
3688
19788
14767
3310
18958
16810
13512
15344
453
6632
338
2117
5784
59
3217
4331
18826
9454
12605
18096
12391
17654
18256
17178
16758
16029
15314
2896
7221
7974
4902
204
19778
10442
4478
7445
18757
4978
16650
17950
4846
2205
8341
16885
5844
16515
1292
19723
1614
2321
352
854
17029
15242
12026
5150
15934
1845
19445
17143
14429
7580
8400
7780
16499
11445
19387
19602
11101
13225
6381
5380
11348
10841
11049
12201
18056
11712
1208
15132
14521
3158
19686
2407
5387
17243
3640
19319
19017
4067
10648
520
4056
3718
19096
4118
15495
11881
16684
13140
18537
9112
7721
6059
2498
12707
13688
4431
7093
3172
19289
2302
14762
3422
8423
1891
8788
1198
16433
5561
3764
15438
415
3837
17998
8628
18169
12024
15534
11846
3307
7091
18910
2639
7878
3201
2852
12455
1880
5223
8859
8252
12185
14807
3253
2129
11989
13546
16418
2038
12948
15460
11710
1855
16113
17908
13759
12164
12299
19305
17225
4831
3778
15693
19587
4981
7223
2028
7674
1236
8162
13626
6644
6792
4815
2211
5582
9082
7315
16165
8346
7535
32
6063
6579
10997
12537
8914
10465
17618
1624
8080
19109
17934
7235
14715
8204
13161
13798
10354
17153
66
9663
1968
3419
19126
606
16579
16142
19167
7951
2749
19087
14173
6568
12017
13084
12212
5791
2793
13747
1919
13333
16041
12241
16043
14042
18272
14286
19514
8842
10628
13362
15973
3453
3233
5517
6223
4873
18234
17442
3033
15158
9508
2021
15028
14768
17284
12708
15790
18607
19154
10719
14022
12981
4650
12291
7346
3585
15546
15442
1110
19738
1581
18523
7876
9109
8140
8339
1176
12704
15178
442
14883
5875
17655
6650
682
13039
6212
8524
13254
7089
10174
9683
15959
10395
8795
7305
12556
14459
11059
13829
9598
3115
7411
7639
9556
6079
16158
14405
15258
16191
2122
19383
15576
10079
18465
13458
11019
13450
7655
15117
18368
7352
11616
7787
7719
5052
17846
13383
14133
18881
4301
3592
17648
18445
19286
11925
17811
12865
7624
6698
2049
19656
8216
19482
8756
9243
12920
17187
18567
1692
14462
800
2689
9811
9228
9236
14987
16821
10331
9619
10299
2378
9409
7175
3780
16079
7467
10486
2290
18487
909
13613
8255
9301
16673
9787
19424
3619
5524
5170
9965
17358
18215
18413
8720
1004
13002
2840
14264
12867
13659
14002
16761
3394
6219
18429
2717
11699
19675
3679
18901
19751
19648
7732
2221
11573
7129
5641
2908
15982
353
12945
19744
17544
14774
16487
16658
19324
3600
16178
13738
5929
8715
4037
14529
19348
8194
10797
17232
15225
5933
15819
597
1076
684
10722
97
17907
18917
5005
6100
17022
1536
9251
17635
11244
12919
10403
15467
16998
11814
11169
294
5178
10602
2467
3219
11240
2329
2210
8147
5704
17690
10745
17512
7971
19652
4132
19158
10934
15154
19693
17951
1014
18525
4428
3982
8027
15868
8011
5136
8884
18387
1712
6517
6862
6248
3196
948
5384
8017
3352
16602
19435
13687
17569
5699
9722
19403
7925
16781
15890
15979
4464
14735
16010
14213
9829
4884
6533
19842
7838
14301
12302
18203
10226
6668
6403
879
91
18645
17139
16818
6336
6466
15879
8623
16199
18546
12494
11050
8930
19059
8379
15379
5073
13186
16656
3260
14480
11061
16021
11691
2411
5481
643
2850
19057
11839
9338
13339
9551
15844
4435
16291
16148
6469
9044
19025
1370
13530
8000
16067
7322
2349
12311
12638
5081
23
15275
15981
1223
5979
18119
3882
16322
6120
4713
4034
15901
17987
8066
10589
1796
14041
18535
16374
19193
9157
18004
7090
6186
8277
1318
1591
14605
17877
1711
6396
626
12218
9342
19138
13189
105
4547
4085
17281
15678
5701
10145
13043
15216
5985
498
1461
4145
592
522
3303
18794
11137
9934
3400
8280
13106
10320
6085
6053
17920
10738
1812
1755
13087
18992
2752
14410
10095
5959
3495
7996
10657
6684
1909
3304
11379
8547
10270
8041
3409
9754
12375
9075
8537
16603
11887
8986
12350
9665
6673
19990
13712
8916
6225
17199
3932
2564
18739
4353
2974
6118
7359
3483
11535
18244
2656
7017
1186
1145
1705
18377
9168
16253
7534
2454
2328
8276
6172
16264
5747
9694
12041
15174
9952
18146
369
11885
18505
10246
1393
17681
15362
7278
12767
15751
19308
16049
6291
7562
17186
17299
4302
8956
6259
19856
3107
4814
10769
9095
7297
9903
6201
10067
14071
639
10637
9989
977
8593
17302
5938
1748
3224
16414
8978
3285
10727
24
12179
19177
5783
5029
19083
10621
5720
17531
12956
12446
11971
18533
17550
11739
4318
13518
16895
18878
12482
15681
3357
10777
16121
6438
1332
8373
1619
16345
7422
19335
2240
15160
10937
7886
13928
9854
15523
6093
5665
10679
872
15273
5138
2112
6417
13493
11136
2888
5053
6944
2618
11055
9100
17010
559
4403
15441
9936
15767
2394
17480
3393
10483
12203
4061
8693
5728
7505
2358
11690
6826
4765
16441
12111
14033
9418
363
7158
8548
13288
12690
2951
8223
19399
4789
782
18831
13872
7267
19267
1558
11113
6878
16457
11672
12607
11018
9761
12538
3914
15417
8121
5751
12696
15568
11773
6947
19352
13065
3931
18002
10900
11728
4641
6299
15355
18574
2419
12885
1650
13838
6335
11162
3721
15037
2010
10109
4561
4304
9876
5901
7321
4666
13234
11340
2967
3545
9977
19972
15787
8855
1735
5812
4827
1741
5446
774
2347
13603
6352
4016
16154
13632
6649
5774
17601
2881
10051
14130
11984
2701
6227
19160
13374
15872
17511
2864
10564
15685
10080
7243
2606
8554
16944
2868
18407
10375
14630
18937
19782
15346
16531
3830
17928
17738
3268
3263
3787
19360
16028
11716
9014
5855
12505
14914
2294
13238
18084
17449
6658
11579
15888
2682
8657
6331
19201
10612
9292
17969
8839
13991
11571
18129
15064
7777
2867
11010
10709
16620
10620
1220
9345
5902
11743
2969
11056
6765
17338
14789
1572
19633
17964
19423
3900
11256
3401
10848
16652
9801
12253
8913
14796
2176
11008
381
3816
14868
18070
5652
3862
5287
18410
3036
7942
8981
15735
5604
10633
14291
16007
2994
11476
4609
8484
6908
8680
2738
18260
144
8457
11375
4308
502
16641
14749
16169
17447
6503
3647
3674
18700
14995
17572
9960
549
13146
5998
1125
8316
13401
12404
7247
4446
589
18835
4718
2298
10449
13967
3562
16277
7659
14698
7665
16341
15084
9652
16973
34
2797
15646
920
16540
17237
7611
12134
4289
10399
5976
7799
12533
1607
9647
13524
19105
12710
9810
15626
2683
1740
4046
10275
7912
14120
9271
3332
16489
5175
17319
4176
12495
5779
16472
11628
7479
13437
13446
18241
1115
17975
12963
5243
4899
14885
11623
1252
18009
11006
3243
11451
14871
15014
13299
19200
6928
18853
6513
3651
17455
17887
759
7308
18443
17677
4691
17858
4930
2035
921
10364
17988
15386
16747
11208
5413
16157
14804
3056
17574
6553
13032
17801
5662
11489
178
3173
13506
18747
16759
8910
519
1188
19630
4750
8898
10475
2641
11299
12197
9762
7389
3746
11203
3804
1285
13899
16728
6277
5012
16305
5830
19665
5690
3593
8436
4558
11378
17894
18435
18990
11353
9729
17451
679
18801
17795
7880
5224
19430
2389
5323
13447
14584
1871
10371
8068
16395
6883
19122
13614
6023
19406
4018
13705
3824
18606
12763
6919
12659
5660
19906
16979
18872
712
7323
18319
17818
12257
16193
15509
6817
8719
5848
13101
7756
12042
7545
12902
12362
10110
10857
12548
19332
17888
8028
3791
6430
15774
3452
14841
6963
10494
14247
14416
4929
8208
18806
15552
6757
2450
8099
9289
2619
11910
13281
1917
3103
229
18615
4449
10959
13871
6857
1874
17335
3852
6866
1973
16943
18894
245
2391
2886
5400
13481
9478
17932
8463
1706
8772
11352
14773
1119
2201
1566
14574
838
11787
17092
17076
10632
1736
14483
16344
3363
10798
495
6374
1459
18431
9364
1710
4649
1565
3601
13938
12913
19862
5181
9426
6373
18338
19213
13768
11188
112
1361
15099
2374
84
1600
16217
7699
11769
7169
1012
1930
8988
15539
4871
4733
2188
14880
16166
15661
15162
13314
4772
13722
13797
13684
17452
98
19078
19701
10819
3126
8728
11199
17277
19372
8205
18696
1064
19907
7054
15907
523
11082
6222
19076
7485
6426
12127
10153
18512
12474
15009
18521
1560
9152
10377
14672
2851
16376
12368
7001
2739
6317
14537
15164
19044
19363
17182
1395
10264
7668
4920
19283
10304
11425
11291
6395
3568
5431
13912
18021
128
176
1019
9799
16235
8398
16254
7281
15121
7790
5220
5496
11064
8281
17450
2398
4475
11258
11009
7847
2719
19376
9796
6040
11218
6444
2611
13689
513
15008
12052
7625
13133
9852
15932
1579
1535
12596
10478
2910
2911
9394
1174
10936
16219
9479
19219
7307
11810
9413
16491
7187
13425
4282
1966
4191
8598
8943
8274
3043
13608
10986
5769
1922
17701
18340
13994
10586
14658
1157
5157
6912
9473
16980
5896
18404
9255
3104
2698
11928
11572
5492
17758
5211
6660
9743
11094
275
19053
18117
2668
13358
3521
15010
7992
17015
5129
3835
10405
276
12670
3916
783
15620
10558
10235
4596
6202
16752
18179
4632
7108
16680
16740
60
6408
6620
1069
17422
2224
3580
9501
3802
19687
2327
17473
9489
14376
6210
17183
13978
14899
14931
13694
3129
8101
13915
13272
17287
2715
7548
6545
16149
17054
19897
6680
6648
4087
11521
18424
3153
1972
11845
18522
3703
8240
7495
13366
16134
11191
11177
5206
1036
19214
13181
8911
7575
3586
321
13037
590
10400
1866
11944
3105
2890
6038
1377
3706
19147
5634
5302
11074
7872
19281
16072
12252
11129
10578
2597
11021
11306
10534
18488
15503
5946
13702
16101
19166
7228
16011
2580
15153
15452
5465
4326
12433
3973
17137
10520
17314
17776
511
4746
2300
12547
1494
11109
16018
955
7594
17644
19329
10978
6744
15606
11598
5746
13727
6294
14939
10708
14338
55
13305
12376
11407
11072
19925
7737
10044
11504
10734
6436
17425
19526
4602
2856
7681
1384
17238
3388
12507
3918
9137
15808
19457
3754
12713
14869
17478
16909
10389
9840
8182
12003
11181
1221
1957
2913
4292
18298
18261
5171
7774
5255
5333
19077
5727
14200
7387
7972
6361
15352
791
10154
18242
752
17840
8809
17204
17671
19969
12180
12834
4914
13174
18622
9347
6953
9638
3442
19513
12332
12183
14440
11757
9747
5331
8039
12038
4405
1502
11736
19668
12274
15848
8357
18058
2387
16394
16535
5316
8889
11033
10481
688
10563
8378
12698
11226
16478
4334
15585
18555
10989
814
14072
16627
9254
11539
17771
17814
16984
12782
15769
4423
10533
8168
3471
14118
11020
7541
4167
3184
15358
18449
15778
16594
5630
3218
11652
5312
8867
13478
5291
14583
6382
8592
997
17506
16128
17582
14866
15426
13896
7492
5982
13526
4370
13062
1132
17585
6719
11182
2578
19545
5919
15786
13532
14470
1111
12438
13860
11135
7416
2561
8291
10027
9355
7581
613
2030
3860
17379
11718
15702
13237
15575
5612
15969
2796
4256
5819
1611
11507
18950
13637
5643
830
1904
9764
9242
2522
19917
19121
15651
3893
4400
853
416
2769
8009
2040
13529
18397
15709
8467
15633
2806
10422
3392
6559
9230
9233
12463
7604
3729
9073
6346
4517
17909
8778
19844
2338
11196
17174
2099
8614
8975
18810
10026
15246
2173
734
13085
12753
11393
2955
14741
11692
387
12628
14664
17416
8465
14293
13244
12871
1297
12784
10783
19136
17366
10729
11634
6906
18208
6588
17475
2516
5463
12387
10699
9369
4221
7736
10747
3364
9227
8157
6939
9893
15772
445
16260
9540
5969
12444
18207
17384
13930
10622
10259
14512
10684
1217
266
13222
15983
8307
3099
16537
8828
15058
13165
6147
18781
17107
13681
8361
2348
1604
3198
3373
12917
11167
11744
1837
14870
10947
5390
5039
3404
17117
7885
19881
7309
2824
13159
14892
8016
6815
8332
14825
17989
15643
6917
3082
7734
6798
15891
13096
9018
10950
12256
11880
16403
4736
13976
912
1366
16056
19886
816
9132
18923
14847
6896
4094
11121
16205
574
11206
16852
12450
16409
15072
6104
3604
7474
10114
12268
905
19911
939
12677
18022
19456
18843
9919
7272
18652
5071
443
2648
863
9841
19080
14311
16843
19448
16848
8312
8643
8134
8206
2190
6955
6083
17083
11953
4686
19101
18378
18221
17262
6115
6690
15680
1774
18520
422
13137
2145
16844
13491
16713
8172
14661
10805
15801
19603
17796
15862
19437
9654
11777
11477
15961
7844
19349
12808
19174
7072
10359
11373
6855
2131
2684
18593
9143
16527
15050
15628
4080
9299
14414
5716
18206
13241
12684
7298
7875
9775
3616
9958
19912
988
15310
2397
4792
7085
4607
9712
6615
11599
9423
2138
9399
18363
10096
1322
7710
1672
525
6814
11119
16968
10473
16320
8160
6890
17049
15180
12369
670
790
5740
1228
3903
18648
19346
1850
13315
7258
7576
7638
2
15662
3670
3976
14746
15675
446
14618
15886
8841
14453
17190
18238
1396
3876
11914
5240
2637
19353
2889
19965
7164
2027
15800
2651
6356
14570
12826
15591
299
17865
9895
14505
16203
17409
12609
17308
18633
10195
7141
6990
1337
6910
11559
12144
9641
5581
2451
4722
16200
17923
16518
8961
8734
14320
6213
5254
3456
9548
158
8409
14508
9698
3265
19664
17164
19661
3057
11613
9954
10740
18088
8323
10849
5833
3164
14152
715
884
19750
13821
461
15818
5395
17884
13534
1776
11183
6339
6538
9017
19604
5443
15797
370
13306
11267
8881
7997
16539
19954
1402
8094
18703
18916
15728
6970
13319
7724
3210
6123
11921
13095
19970
2968
9642
13785
14638
3178
7317
11549
8416
19951
4311
13741
18877
17825
6793
6830
13751
11271
2873
9847
1808
11537
1868
15330
10101
17118
8688
6605
7205
12060
12108
8865
14139
16119
4219
1055
1732
12513
11341
10229
19859
5304
3800
16784
3959
14024
1462
13997
405
18483
17326
5659
8304
17939
14113
11502
7291
11080
15635
18014
12182
11410
4131
2480
5454
19225
17992
17149
2148
16074
9378
6076
3123
3044
1253
17119
3128
11556
15874
9282
10872
10573
12574
15909
15285
2696
842
10397
5106
1720
6991
11538
5631
480
18642
17896
4960
3502
19737
5189
18708
12892
2242
13511
7287
11318
11813
11964
17710
16275
1945
5294
4688
11118
3704
8652
9461
1814
6098
5482
16978
17428
11831
7597
7965
663
3964
1059
14070
9554
5248
1620
6441
1570
19820
3922
8845
4448
6741
10931
9774
13463
4193
19905
9352
18162
12845
19474
6556
17369
14208
10217
751
954
4438
12316
2909
391
15222
7146
607
13570
13879
1612
7301
16792
6034
19120
5722
14124
1667
6864
12546
13731
3322
16000
4104
10991
6406
17709
8926
16458
3678
19487
14499
15380
2376
532
12023
14976
2706
11436
10155
12325
2039
271
465
12909
11749
13763
12434
14460
3155
19180
13999
13755
10427
15734
16273
2292
7335
11703
4349
4723
13242
3753
10094
3556
14029
18550
2981
6472
2622
1890
9825
11722
1889
5324
10116
12113
3856
16236
10712
12046
5925
19248
527
5229
283
745
1408
17244
3009
4562
5111
13051
8445
9814
16803
1088
4573
5478
10770
8803
13564
17065
17269
16956
11003
5002
19575
15137
339
19473
16139
8604
18675
17633
19003
19410
11037
10761
5194
13588
5438
7613
4615
12485
3020
15986
15984
6485
9386
895
3789
14115
15520
11148
17077
11324
2678
14159
8489
18157
930
3819
5971
18830
12738
9902
11608
12279
983
3286
6930
1435
13442
3177
8817
8451
16551
9611
1406
8545
10687
10426
6025
9367
8904
1675
12971
5638
7504
17803
11536
8257
4225
14504
15309
18886
8725
10863
4269
10604
890
330
5210
8552
2068
2934
1302
15500
7136
7049
12839
11279
1623
13227
9085
7252
15163
6551
11693
19144
4826
569
9535
9362
5570
3014
16611
10814
15403
3101
18278
9264
13675
11501
6078
6162
10334
12221
16808
3271
14202
15155
765
11603
2505
13290
10118
14463
3635
14527
6183
13403
10795
15915
13771
16047
19039
1682
3584
19758
18532
16090
324
5947
3331
19745
2436
2880
11217
14486
13097
17458
16855
19401
17943
894
10543
15430
1517
5615
5904
10446
11486
1109
17522
8810
12235
7762
1486
18332
10864
19008
18735
13734
12115
8220
19983
9370
12884
16813
5683
15578
2457
4892
10517
17144
13253
15904
11387
6657
7517
4992
3958
10652
1912
13779
19553
14875
17627
6221
5560
18421
13996
1693
1497
5521
5943
721
9818
17895
6193
80
1053
4253
17948
6572
13187
1730
6298
4009
18539
15141
11808
13733
17035
5444
2110
7850
9004
6314
12553
466
1887
12215
8851
17682
9691
15074
1571
15971
716
18168
10042
8325
19150
12622
1802
19679
17413
9068
5075
13630
15272
18729
725
406
6080
9343
11933
1763
10641
15873
11782
4268
1512
3367
10985
3234
325
11956
13301
18224
11705
9456
12858
10735
2135
14757
8796
14325
8750
6075
5527
5205
17864
11935
7591
1643
19421
12725
13823
11799
8388
9563
12941
8375
15227
15336
14468
19823
9688
19500
1298
3273
1023
4877
19356
2552
11902
4505
5810
17285
10537
9387
15218
12570
1407
11296
3040
2929
12995
15252
5369
5799
19260
11057
9070
6645
11764
2431
9908
18029
13270
5347
17929
8701
8139
969
5209
5216
9248
12451
6995
15811
15951
1629
3458
18678
19813
14886
3247
12667
11873
12872
7890
7251
11737
1927
13345
1351
5555
4383
17736
14533
16084
13545
4483
10295
8787
4906
19840
781
15399
13757
256
8636
10327
18283
19593
2649
10671
5359
11245
1539
13669
15423
14328
18452
15327
17577
12755
807
6
4443
11195
7458
17675
5270
15300
13505
17684
14575
10513
15474
3197
18267
6670
16114
9154
5781
14237
7333
15854
18780
3733
5836
4199
13617
16401
1071
18975
14417
13324
13439
14189
5786
11883
6715
13022
4382
16302
7348
9850
18034
15195
19051
19728
14956
5654
13607
12196
18900
19875
13697
13193
9486
13056
10348
14595
14482
3051
3200
5927
14234
8724
11030
16741
17301
10453
16331
117
1997
5198
15348
1876
10236
10817
17725
3994
8023
15856
3783
6325
9633
19013
7255
8088
3112
16767
10166
15852
1573
18453
11856
5322
13406
13494
11091
18053
11461
9620
6755
15304
17807
18498
2399
7410
12732
3277
17600
7554
9050
8447
15655
10185
10188
7853
13685
3653
15998
8448
747
15860
2158
10062
19075
8754
12714
906
6730
12630
1034
2705
19196
9135
17947
14927
7502
16820
927
3901
6086
5688
6592
15183
9024
15489
13142
18131
4707
10186
19783
11132
4312
10773
19660
6014
3532
1640
2429
5040
3970
17819
3951
7360
7968
654
2662
18204
5425
2486
1326
18587
636
6998
3815
16367
770
11841
1362
9904
15331
17526
9287
7917
19871
18373
2629
4185
17172
9162
12237
4485
305
10215
9056
12386
598
5301
5440
9439
1766
19622
4706
11363
4066
19374
990
1241
2418
18246
290
13451
19173
8976
18003
5535
12469
94
1257
5557
7684
19735
16511
18718
12838
8679
5399
8597
4026
15976
19748
1225
10258
18952
10651
8783
4753
3
208
3405
19251
19458
14474
1714
13098
719
6653
8236
16837
5429
15062
6847
10998
12098
14075
7153
15968
14083
17567
1601
12715
8351
7413
17120
874
16111
10865
5074
6140
14981
3637
8487
11548
9406
4215
6860
11667
11968
7642
760
12294
17036
10113
17014
18190
10047
9325
10165
13346
19773
14958
667
5299
5693
16116
1627
18793
6182
7184
5573
6176
9166
17388
16702
12842
18982
4313
15631
12802
6139
7763
3944
16865
14682
8253
17973
319
2213
13291
5064
1340
701
3319
702
19797
9079
7450
19542
19246
2971
12123
12750
11346
6590
7539
268
13781
1117
18968
8367
8781
8449
16185
14457
8987
1487
1013
12737
6960
12142
2899
17276
9999
7525
16091
13353
6734
19999
786
15049
6311
5187
8877
10144
8389
14717
14622
2325
14550
19564
14095
12854
19924
4047
3567
6489
11391
14734
9459
16436
7183
11131
13934
15053
14349
11748
13461
1639
8127
15803
4689
11290
15690
8742
12970
5700
10156
19863
6358
1457
2491
14565
13901
11344
3806
18405
452
7430
14519
12641
4587
12418
2708
2355
11034
5831
8825
2254
9203
15697
2004
16786
12355
938
16108
13118
1015
4474
17087
2051
13957
9577
14978
11827
16224
4266
340
18472
13204
10341
4259
17820
4857
1099
7299
6721
10121
16514
6416
3472
2089
3457
10099
2794
14298
16492
19209
18903
10545
11593
6617
14401
19532
14315
6401
15444
449
19116
3490
4077
19108
17124
10800
3221
931
9383
424
6228
12394
8836
6992
11530
17870
6625
859
14271
11480
2661
14593
12103
13338
518
12240
19649
147
7023
16222
1971
19135
18457
1792
1507
11123
14838
4623
10070
8158
12686
16681
15271
5648
18011
6006
13128
18099
11150
12692
4955
8186
19829
19439
6643
5968
19276
9331
14432
16893
17728
5984
14579
2560
7454
14553
4377
16962
10317
15440
7641
4128
4220
11779
8837
13645
6988
111
3137
5383
9671
2704
4664
19019
1363
7637
10248
11054
2377
19103
12618
16223
11253
17305
13178
14153
963
3614
10938
740
4491
19062
4934
19026
336
17103
4456
3915
16308
2319
17715
14586
17931
7448
16568
4177
7969
4541
1920
11388
313
18931
8669
1602
19265
1653
9284
16419
3504
16739
10505
16249
9582
2094
19599
12681
960
17372
11557
18089
7645
8050
9606
16025
14058
16913
14381
16669
7943
13448
12067
15892
14639
12226
5047
9026
12396
14790
8705
13708
4904
17886
8471
3239
17001
7222
15618
16289
2107
6731
15752
19048
18225
10066
13066
576
8049
18356
7696
3699
19171
6837
12167
974
9945
16295
12208
8247
2659
491
18770
17983
12425
12472
17740
7383
16548
5713
18677
4715
6456
9658
15755
5253
2072
9234
9400
3859
16503
2815
8336
10131
12156
15580
14081
13094
19591
15349
12980
16718
6185
10287
5491
2608
8768
8386
9750
4619
11958
6630
14634
1409
16794
14890
4837
6000
13024
18626
9539
2181
7778
2182
8384
10034
9425
14557
3579
9591
4859
2100
6578
12214
582
13553
11857
8138
13381
16614
5589
1138
4354
7261
19955
19137
16528
6640
17707
10929
6136
72
1991
13132
10540
12479
12459
19024
17311
1559
18865
4861
4627
19254
14816
9939
12282
6834
12160
1181
13166
1965
17901
2198
2293
3317
15978
8832
3638
5804
2284
1022
5621
2459
16349
11611
1388
13260
10410
19460
11328
18013
12460
11062
9027
9262
12172
14121
6549
16316
13892
16293
6560
1096
14945
13216
9602
12611
2658
11479
14688
1133
9181
17813
1622
11281
19552
7751
11626
7660
9944
508
10472
19454
2559
14032
19493
17623
160
1293
5832
3494
2567
3618
2453
2496
7286
1098
17486
11081
13081
11473
3336
1328
15925
6366
8575
4749
2239
17298
8806
8061
14347
9042
860
1422
16327
15276
3546
3555
9039
3069
3375
19713
16354
17971
14650
2849
18970
2111
14998
5244
15627
5297
8382
1269
17519
13863
1364
12298
13033
9151
10597
19828
15940
14777
341
11547
13898
5721
11719
1152
10877
16353
19632
4165
17395
7156
19616
3439
10015
7425
14469
1939
846
14392
2825
18758
13556
9615
19560
17275
18379
4593
17726
943
10089
1372
899
2985
18829
8427
1056
6688
3620
9147
5741
15312
19671
13808
8120
15596
16064
9007
10135
2344
11345
1827
2916
16285
10183
6297
5026
19592
12965
11202
18842
10016
19878
1047
4625
12267
14461
19831
13020
11161
6072
8022
19696
19923
9377
433
19431
11498
7663
14722
10951
19715
19132
12791
9173
1358
1266
864
1325
10416
10839
15653
17599
16715
4524
17608
7865
2572
15739
5753
15701
18920
16398
12593
7960
7678
17719
6567
19772
3957
2935
4365
13990
4025
10230
10703
17916
18486
15416
8564
19971
19826
15315
15913
3583
3554
18150
18779
19390
8561
1719
11194
19005
18930
7174
7918
11327
3466
154
12443
12143
5475
9618
15136
18643
9186
10548
19094
2917
17300
11802
8113
5921
12146
12403
8518
7428
274
18371
429
10414
7392
404
14357
18001
10821
15935
4433
13304
9111
14707
10450
19270
13375
1979
14759
5281
181
1690
1860
9701
2798
18185
11048
3278
4051
12745
8949
6389
16660
14561
3713
18751
15033
12131
1203
2789
17982
3064
9329
16743
6718
10715
9231
10440
4457
11500
8452
5048
9707
1171
9145
5344
11211
2075
5860
19873
616
17440
4536
6116
1820
4384
14834
7464
19205
8578
19685
652
18067
12289
3073
7766
12516
13154
7741
9381
8922
10920
18787
13394
13107
18579
11767
16276
3324
2268
6907
12724
2342
17016
347
13243
9843
19767
10810
18716
16365
19609
18416
15204
7409
18936
10894
17474
10490
11786
7140
19683
14498
9846
10485
2811
6184
4083
18951
8741
4860
4208
18798
13903
1258
14705
2565
335
5858
10086
12489
14950
6909
8176
10587
1163
799
4956
17680
3391
12033
16971
10901
9098
5041
9803
17890
10875
9305
9446
10812
12879
16238
19204
19271
2525
5349
1811
2231
1768
3308
11768
11262
8472
3049
641
3068
1070
5772
8635
14226
2000
19857
2073
12960
6275
37
6859
14876
5653
110
18664
6989
16123
19908
10808
6616
12239
1183
9507
11758
13962
236
11645
15704
13737
18451
878
1836
337
12663
4812
4931
4444
16989
12549
5856
13857
17679
92
1229
9860
15572
13561
19865
18514
5412
419
8555
4142
8513
2861
3468
19086
5022
13441
3766
8977
3110
3428
15149
2692
16521
546
11043
3254
5905
4580
7124
11273
13624
8616
16245
6604
7092
10337
9982
3666
7288
1144
19677
1495
6035
3698
10253
5798
3261
645
8020
16271
15190
6245
15535
1615
9091
14589
12893
5460
7285
15340
19380
1983
6852
2023
1959
16999
17830
11128
83
9925
16208
12104
3811
1960
19880
11816
17741
10140
13202
5259
70
18765
4591
18503
16653
14669
13427
4100
8627
12343
10576
17309
17312
7662
10577
7846
9272
7484
14778
1260
1311
2957
9574
3767
4091
8137
19301
4598
7708
18318
3431
10575
14300
9884
3473
12977
826
12711
15468
5567
14909
10624
1381
16309
6978
768
10488
708
6344
17195
3858
8086
2775
3335
19222
10670
15282
14106
4332
1482
10568
2022
7821
11220
10823
5366
9065
15748
1757
18380
9431
327
9441
5687
7427
16388
8419
7980
19323
15347
8055
5013
5405
19537
15021
4146
771
17006
3985
18634
4372
9344
16410
19011
2963
85
12045
9768
2153
17570
19579
9247
1386
19455
2483
10088
18127
7512
19851
5393
5964
10368
1085
822
11688
4476
12210
17900
2746
12619
7438
7081
9149
14413
7808
13277
4291
1398
3996
8242
16700
18072
9155
8377
8607
2527
11355
649
4612
18906
4923
3377
1329
3291
16155
19787
3926
5670
375
3223
4793
871
9651
10324
3728
12949
332
19284
5177
2009
17853
18297
3694
17151
1428
10374
7924
18140
8308
7682
19909
10362
2818
11084
755
11985
8402
12106
5461
14321
11139
2417
7706
8644
11321
1489
8403
16714
5691
5554
4472
9513
19400
1746
17365
2361
12787
9836
127
2087
13230
7271
11014
8136
6614
1420
5455
13145
14119
3414
4693
4709
9798
7623
7391
17766
15953
3711
2364
5614
7126
7155
18322
16869