50620
18060
10065
85026
37582
12705
22666
5818
35113
27756
82707
83260
65352
82449
49071
24083
49904
54239
15690
1257
7705
56442
253
37780
50811
78104
93291
84895
65225
89637
70179
57356
76503
92422
90852
63151
79028
21337
86694
51480
79608
41664
83218
99795
73160
80051
7275
24262
40404
7879
95816
93208
56064
45333
66931
20308
89065
32166
776
89004
96818
35104
34685
95276
72381
60686
73040
11811
93831
69142
49076
70239
88935
99297
89142
78038
35423
18107
50395
18520
9933
6215
88483
64203
52739
36803
76835
77793
69040
33771
6917
76548
56382
81674
93718
63153
11301
61385
9894
48854
77813
76788
42386
56592
49279
22916
5247
88147
76940
5747
55037
68375
8998
62686
32
74896
98047
90258
89105
48677
94537
98082
98581
11002
501
34171
18192
8674
41614
56567
28223
3997
98586
92165
20653
70204
34192
39343
76541
83668
12145
83287
76552
14774
35131
61354
81955
2230
3490
28591
29552
60128
25286
28778
7301
92813
27833
58748
20693
43922
74150
15789
97913
38032
93136
13043
89681
15937
35448
11182
38023
87745
95794
41817
92532
21038
91705
65302
43406
33342
30155
40150
10620
89705
26852
51479
92164
44776
25683
29690
61671
98349
47247
11760
15402
84821
2587
20782
48687
74955